-110 -375 450 0 0 0 -5 -10 0 0 0 -5 0 0 0 -10 0 -5 0 0
-605 -475 -20 -30 -450 -25 -20 -15 -10 -20 -715 -20 -20 -15 -20 -15 -15 -10 -25 -845
-735 -430 -825 -45 -1210 -50 -1500 -1480 -315 -405 -40 -90 -50 -50 -70 -130 -1310 -35 -60 -40
-2000 -2505 -2140 -2035 -2195 -3235 -2825 -2090 -2510 -2005 -2615 -2135 -2140 -2515 -1995 -2210 -2000 -2495 -2510 -2225
-14830 -16340 -14780 -15900 -16760 -15685 -15160 -15075 -14850 -17160 -15315 -14910 -14915 -14550 -15390 -15110 -15215 -14815 -15330 -14790
-24245 -23795 -23960 -24165 -24920 -24485 -24320 -24105 -26035 -27820 -25350 -25390 -25455 -24960 -25365 -27060 -28475 -25585 -25350 -26370
-9765 -9475 -9315 -9245 -8730 -9185 -9460 -8990 -8955 -9560 -9840 -8600 -9465 -9030 -8660 -9200 -8505 431910 -8840 -8940
-12425 -12035 -12285 -12700 -12070 -12210 -11430 -11960 -12940 -11840 -12110 -11810 -11665 -11640 -12300 -12250 -11695 237545 -11550 -11640
-15380 -14865 -15220 -15240 -14750 213115 -15095 -15015 -15040 -15065 -14675 -14885 -14715 -15920 -14605 -15060 -14820 -15095 -14770 -14540
-20100 -20480 -19910 -20235 -20120 -20680 -19890 -19705 248035 -19685 -19695 -19705 -19940 -19375 -19745 -19560 -19660 -19695 -19730 -19200
-28760 -28240 397605 -29020 -28895 -28835 -28550 -28555 -28675 -28335 -28940 -28150 -28230 -28395 -28130 -29080 -28340 -28160 -27695 -28795
-5600 -6535 -6750 -5625 -6680 -6035 -7600 -7830 -6540 -5895 -5560 -5610 -6195 -7550 -6105 -6215 -5730 -8005 -6145 -5705
555 415 370 750 210 320 535 900 360 765 -280 590 144225 -540 790 670 855 -115 810 550
-785 -1080 -455 -890 -345 -1210 -390 -670 -375 -1335 -1310 -790 -445 -1705 -760 -455 -1290 -1350 -355 -475
-1325 -1385 -1335 -1660 -1245 -1700 -1965 -1780 -2560 -2010 -2490 -2775 -1265 -1815 -1335 -1985 -1585 -2200 -1385 -2335
-6540 -6955 -7345 -7285 -6880 -7390 -6490 -7445 -6325 -6385 -7075 -6825 -6360 -6950 -6940 -6800 -6295 -6400 -7425 -6385
-32890 -32390 -33730 113215 -32610 -32775 -32955 -33465 -33275 -34185 -32980 -36035 -33150 -34170 -32300 -35365 -33485 -34300 -32885 -32845
-12855 -5405 -13240 -13080 -13735 -12755 -13415 -12780 -14055 -14595 -12690 -12665 -14350 -12645 -13455 -13925 -14205 -13100 -13400 -13570
