0 0 0 0 0 0 0 0 0 0 0 0 0 0 0 0 0 0 0 0
0 0 0 0 0 0 0 0 0 0 0 0 0 0 0 0 0 0 0 0
0 0 0 0 0 0 0 0 0 0 0 0 0 0 0 0 0 0 0 0
0 0 0 0 0 0 0 0 0 0 0 0 0 0 0 0 0 0 0 0
0 0 0 0 0 0 0 0 0 0 0 0 0 0 0 0 0 0 0 0
0 0 0 0 0 0 0 0 0 0 0 0 0 0 0 0 0 0 0 0
8680 7720 8560 9060 7800 7120 8220 7420 5320 3620 8780 10360 7860 6480 10040 8360 9940 1714760 7680 6520
-280 1500 1920 1780 2380 1560 1180 2060 1480 1740 1260 -100 1000 4200 1260 1880 300 -420 940280 440
-1000 -1300 -1180 0 -1420 -580 -1340 -840 -2620 -1300 -1260 80 -1220 -3140 -960 60 690040 -1040 -1040 -1600
-180 -1280 -20 -400 688160 640 1360 -1220 840 -620 -260 -1260 400 280 -1300 360 -1900 -200 -2160 -820
162200 440 -300 520 -240 340 -200 -160 120 -140 -220 80 -60 -120 360 840 240 80 0 -860
0 0 0 0 0 0 0 0 0 0 0 0 0 0 0 0 0 0 0 0
9240 8780 6740 4920 8580 9220 936380 10300 7860 6040 6960 9080 7740 9200 9100 8640 9260 8300 9100 8960
-520 -2160 -1280 -20 -80 -100 -1940 -40 -60 -80 -40 -40 -80 -40 -80 -60 -60 0 -60 -40
-1820 -2320 -20 -120 -20 -80 -400 -40 -60 -20 -80 -40 -40 -60 -60 -40 -120 -40 -60 -40
0 0 0 0 0 0 0 0 0 0 0 0 0 0 0 0 0 0 0 0
0 0 0 0 0 0 0 0 0 0 0 0 0 0 0 0 0 0 0 0
0 0 0 0 0 0 0 0 0 0 0 0 0 0 0 0 0 0 0 0
